50
62 66
59 37
50 56
45 81
71 48
78 29
11 29
56 71
79 54
6 8
58 80
30 3
63 91
12 91
24 22
88 76
13 38
94 99
32 16
16 92
21 4
85 46
17 84
91 93
1 48
29 97
52 11
3 59
50 68
90 67
43 26
17 30
30 8
76 11
3 62
18 92
39 77
13 3
97 8
57 56
6 50
62 38
49 58
26 65
84 99
77 68
99 27
87 94
58 29
43 64
50
38 127
191 164
83 76
8 157
103 94
135 145
63 81
22 177
30 35
79 23
198 42
52 127
72 46
13 79
156 11
138 12
176 194
22 81
190 12
58 31
176 94
127 194
171 192
27 150
125 153
195 58
185 75
73 199
79 9
173 86
50 187
133 63
145 179
191 156
187 87
133 49
195 163
107 61
163 167
72 86
144 88
115 68
67 81
91 188
26 98
85 64
79 29
8 171
127 24
64 151
50
49 205
140 108
361 244
41 54
142 40
149 98
391 67
173 249
262 319
316 48
140 111
320 22
337 26
95 43
196 285
42 74
134 246
42 134
140 96
88 35
85 283
350 237
87 76
348 123
171 301
364 216
239 264
290 284
280 176
61 385
12 76
274 55
190 98
146 268
256 330
213 235
72 341
370 164
239 159
12 318
134 363
227 377
261 325
101 69
7 93
170 114
170 371
69 396
265 360
290 216
500
244 271
158 74
299 69
92 355
42 35
6 141
228 278
55 95
361 274
31 161
52 182
158 349
298 173
56 197
162 363
234 103
178 6
27 393
300 77
64 72
213 294
172 23
70 393
268 228
389 31
166 251
200 41
214 276
25 51
366 222
325 139
145 152
97 55
132 125
197 349
243 149
172 362
355 16
244 242
226 223
26 185
226 392
220 179
230 392
166 245
384 148
300 91
147 81
206 398
347 231
332 355
317 143
159 104
299 225
48 355
140 125
69 27
206 318
262 289
86 388
136 28
119 70
151 36
386 218
2 310
217 286
29 334
39 135
360 140
47 338
15 360
387 187
57 84
325 145
133 319
347 11
33 269
258 18
189 184
46 244
82 191
125 264
351 111
203 116
6 263
223 250
37 373
9 163
260 46
365 334
297 394
215 264
283 330
67 73
270 72
215 65
329 352
16 340
9 232
95 219
22 15
389 271
386 59
58 398
285 246
192 23
288 182
65 8
33 123
195 132
149 303
208 10
302 79
263 176
347 311
279 359
230 369
381 220
170 216
14 39
62 7
190 207
215 302
25 207
291 200
104 172
182 40
71 264
392 37
300 335
294 339
309 179
351 76
244 290
329 122
129 258
17 343
246 271
78 232
33 223
396 321
362 89
305 130
167 33
368 297
236 20
199 214
290 97
387 151
225 134
345 268
164 306
178 362
147 362
185 208
82 132
173 133
264 44
29 78
327 383
3 398
212 115
213 155
258 55
141 152
373 83
341 86
1 137
99 71
232 148
280 236
370 314
358 5
83 186
169 387
337 362
77 173
280 102
157 242
395 138
173 298
337 368
57 114
186 338
86 108
344 18
284 318
323 314
100 242
181 358
320 222
347 71
173 349
192 227
365 282
132 187
107 138
204 69
7 164
272 390
360 45
363 168
83 244
38 238
196 135
357 172
195 68
18 304
83 320
202 210
397 48
138 334
356 56
172 343
285 363
9 44
212 198
394 324
163 247
335 385
157 311
380 292
149 304
224 398
208 232
233 26
312 157
213 371
266 268
184 385
381 104
302 145
21 145
345 248
233 136
48 280
124 342
246 28
26 273
58 70
48 186
343 291
214 313
133 108
45 33
137 317
62 378
123 391
239 36
172 20
300 73
367 220
200 377
202 214
236 178
364 260
103 237
150 259
319 270
303 283
153 364
342 392
383 167
203 18
38 222
247 376
196 291
268 215
381 349
127 70
283 169
358 92
303 386
208 108
344 223
187 111
103 49
216 82
52 38
261 20
348 42
333 108
275 96
45 153
176 208
378 173
265 59
397 336
397 120
343 206
269 293
342 83
117 325
363 158
130 169
163 224
285 78
175 49
202 112
321 172
345 378
389 251
139 162
283 387
193 88
381 226
261 62
387 275
386 378
99 351
127 116
147 263
312 364
77 274
46 66
397 350
201 392
154 386
325 292
381 389
168 70
85 314
190 29
8 72
375 128
244 107
322 55
19 343
217 186
205 48
398 216
208 154
92 199
44 314
304 18
88 25
291 24
53 173
198 33
161 61
121 125
132 358
301 395
182 152
152 71
287 339
93 151
302 95
361 185
203 346
323 217
241 244
369 215
248 295
308 167
245 10
320 381
377 377
81 221
292 111
50 234
385 131
178 143
328 287
186 140
309 84
280 109
324 151
398 249
17 125
87 258
240 214
191 7
228 169
280 273
59 73
204 282
25 44
283 335
75 305
341 69
131 336
87 221
71 55
132 37
248 40
254 219
226 40
161 397
222 7
32 393
275 281
325 188
123 252
109 161
182 150
87 51
224 313
369 126
116 295
287 53
273 364
4 93
91 51
58 165
158 313
195 90
231 385
237 72
233 354
57 346
349 368
281 144
270 174
21 202
256 386
350 261
354 129
180 306
23 45
311 191
233 133
118 106
130 64
371 307
254 316
284 28
172 155
329 165
368 394
381 303
164 224
305 283
142 70
116 37
228 165
251 379
85 62
78 369
229 167
83 49
29 35
190 367
133 201
148 72
375 53
229 129
364 91
161 134
171 106
224 229
160 352
14 75
396 245
365 44
94 225
260 48
368 123
277 3
75 53
106 25
106 2
45 335
21 70
129 158
340 144
96 305
380 100
298 62
107 328
106 263
311 153
228 318
321 231
284 57
82 348
350 390
277 140
163 347
106 250
395 292
197 46
98 43
106 129
9 396
211 165
318 115
386 75
306 98
156 307
208 191
133 190
331 110
58 11
213 94
338 116
162 208
204 87
216 212
209 310
2000
4540 2593
9921 9989
9951 8082
6565 7690
8293 5341
9539 2000
572 4566
4524 6439
4097 1710
2260 5577
5160 5386
7167 5238
5702 9642
861 7050
6386 8102
7047 7923
4264 926
5361 6969
1011 4215
5908 1926
279 5656
222 1799
8238 7203
8913 1098
3027 8688
4074 1174
2764 8187
4182 7593
4643 8466
2920 5043
9318 1029
8308 6320
3289 9934
4149 3669
1947 652
6308 57
1856 8578
5782 6530
3980 6447
1487 4695
2221 7007
1547 1913
9506 4986
9804 5729
7124 501
1530 2725
9045 2795
2729 6190
6211 8686
9338 3231
3288 4511
3089 5646
8528 1497
4296 8871
9919 8860
5867 2135
400 8492
9830 7414
9495 6258
6759 9635
2360 6620
5767 4641
832 7757
2795 8496
1727 3395
7906 2133
4131 1368
9217 996
6219 9011
7871 9865
8352 6138
983 3738
7505 8752
5010 813
448 3352
6324 8121
2762 9160
6917 2091
6940 9946
3342 6064
8197 5019
2739 1248
8596 8680
7691 1956
8173 4816
7306 1914
2005 6525
1629 8289
9103 5862
9214 6639
4760 5903
5064 5539
3982 3875
3821 8333
4398 922
2294 3515
1116 8947
7628 5033
3342 9712
880 1671
3586 1515
4393 4539
9180 1943
7805 6022
9014 8283
539 7019
8910 126
353 5603
288 2893
167 4175
7690 4686
3634 2461
3847 5158
4871 7614
5637 7189
5056 2103
6642 5575
7518 5801
1824 5823
458 5323
8695 7190
3668 997
2952 7605
498 4022
4549 3241
4279 7018
5831 8591
3750 4265
1879 9678
3219 4973
7076 3869
9444 4628
429 3719
5894 3315
4990 8605
5795 6352
3702 3685
1291 5816
9838 3006
6247 8141
1511 739
9330 6879
1144 7343
3373 3080
8053 9376
3245 6593
1221 1482
1553 9041
8708 8002
6608 7447
151 3699
7384 8755
4571 205
3212 8675
3169 761
1500 5811
2690 4680
8375 831
263 3835
3211 1749
4694 4669
6151 2808
1849 2267
269 4056
1503 558
4257 6877
5633 8006
8212 7993
3021 6556
7318 1424
7235 6190
7222 8818
6001 9926
113 5598
7347 2617
3638 3324
6132 8393
660 6141
197 4333
1243 7281
4159 1700
9706 5500
9846 6144
2700 7918
5694 2867
5409 6370
5189 9282
5560 2631
8229 7542
6511 5673
8997 1928
6673 149
6290 1481
5814 7333
4615 6487
4539 7058
8910 5126
7622 598
4868 8756
7975 6674
3045 563
9845 3384
6016 4586
2128 5405
7430 597
8878 4992
5141 6427
7908 5551
2885 7784
4271 74
7132 3852
5330 5163
5761 2395
7503 2952
9626 629
7544 5479
8863 9023
3609 3741
5498 1231
1829 2090
7082 2928
5707 707
6258 2223
6359 3615
42 5495
5699 631
2146 3526
5921 1029
333 7907
4888 3425
8904 6312
5335 2433
2526 4119
5351 5297
7387 8025
953 3532
4239 4469
3044 6661
6628 6849
2345 9404
6387 3022
6549 4396
5426 8533
2792 2470
2247 2111
4775 7680
6465 7503
1623 6463
1760 8992
3369 3326
6858 9147
9968 674
3687 7449
4298 3012
8768 6668
9690 2995
7392 1507
40 6239
5062 9170
7633 9184
6865 3661
1165 2409
8872 9682
5026 9140
2466 6984
2483 8395
5422 9324
3125 2451
1815 9109
5777 7423
419 584
8443 1820
8059 4163
3333 8484
4020 9473
9487 966
9727 885
6920 652
6144 4951
1935 1946
6694 8610
4286 4418
3221 2116
1225 7411
1186 5037
1973 3355
5175 7957
2120 416
5252 9586
5412 1805
9124 9273
6510 4899
1903 8851
3803 9782
1729 8047
3009 2090
2861 4775
3243 3647
7410 6082
1119 820
4175 8596
6554 9444
6213 5702
5289 5026
6832 1465
7090 7053
1952 5956
1159 3601
3383 207
4606 1314
3405 1464
2591 3967
7614 6266
8700 5834
6655 1376
9972 6172
5616 830
2885 2878
7905 1829
9647 8174
5227 1089
3397 6737
6690 3531
3738 4556
5871 6426
4242 4696
8663 5628
8246 6834
2668 6277
7653 6946
3118 9323
6506 3977
3208 8735
6916 5743
3917 1113
8554 2915
9653 5496
9027 1951
6507 2695
9121 9117
3813 8730
4358 3364
6550 2476
5105 2604
9551 9218
4894 9110
9439 2669
7756 7752
3495 2647
112 1025
3940 3764
9260 8666
6969 9945
8993 4639
108 3477
8559 8114
7830 273
9101 2918
5522 4380
9951 4206
9668 1425
447 1197
8949 9107
8107 4555
5580 8796
2560 4571
3238 5873
2170 8172
2811 6559
6388 1163
5630 9271
9544 4948
7866 9812
4193 8645
9203 9740
7518 496
1693 8871
4330 7965
8872 6994
5790 8789
3361 805
3030 8350
2874 2951
9510 5200
2716 5685
1308 5899
847 8346
8158 852
9497 5065
4805 8703
9199 8700
3923 8675
2992 7244
4238 4605
3395 1865
2670 28
4730 6756
9707 5700
7252 7604
9641 9217
5116 9968
8314 949
1801 2315
7380 2825
7880 7650
2702 8538
7213 7080
4324 6625
1231 206
2071 4915
4943 978
7734 1093
3145 9674
3630 3793
3010 6749
6718 3272
4221 4479
3146 1384
4209 2375
25 527
9065 2090
5522 9080
2057 2630
2836 6198
1113 3288
4266 1259
8704 2409
8435 8352
2145 1849
8599 2065
5337 1508
2339 1669
3053 5911
8286 5485
2364 3615
2057 4663
3743 1429
4060 3931
6481 5801
5441 3248
860 7595
6356 6060
764 9564
7766 4791
6856 2910
770 6365
4386 2194
8105 3109
4946 7439
7406 2743
3758 7311
8740 5815
9746 7502
9655 9152
8753 6228
175 1448
7508 9613
9177 6531
7674 8273
7535 6943
9660 4530
3076 8305
7766 4046
7838 7533
6628 2712
23 1596
7412 387
4241 5116
620 3510
9738 3896
1696 9373
5338 6265
9148 9205
3830 4516
7811 6822
7705 7717
6022 3824
4222 7133
4667 140
2852 8412
9 7647
8034 2876
7992 7421
931 2275
6171 4964
4338 7022
9639 7868
3425 6028
6896 8788
1962 3607
1324 4708
4884 9667
6801 3698
3838 9106
7519 7820
5467 3042
5918 3880
7653 3502
2129 262
5227 4936
1958 8301
2521 5917
1945 7950
6738 2298
2257 8842
9902 8700
4720 9933
9983 4786
244 1521
5693 173
3215 4115
7995 7512
1014 5486
5748 5648
585 3144
7797 7327
3244 8895
6845 6670
5320 1542
384 3583
8636 3929
3862 286
1424 3356
1229 3845
4018 1668
5784 6922
4434 3585
9071 131
5780 1801
1297 4820
2147 2717
1612 5446
8468 1744
3286 4810
4745 140
4069 22
308 3381
6737 7931
8128 8084
6104 4318
1240 8498
2083 1888
2020 2027
3828 1155
2327 4152
6869 1477
6923 826
8922 4833
9643 1743
1883 2208
2230 4389
4122 5952
235 8890
6974 860
1530 8363
6861 3079
1319 2771
1150 5296
2803 9691
195 1330
2807 5130
2309 3416
8250 6082
7825 1231
3440 4245
8634 9708
2012 2022
7265 2757
9969 2247
6962 4239
3670 1499
622 3823
5471 1342
7385 1772
3102 8275
3405 7581
997 2261
8343 5714
3298 9247
3493 2520
2228 3090
5112 8479
7588 592
2839 2377
2969 3909
5409 6153
6328 2991
685 2383
508 1800
75 8071
5652 9962
2224 9832
1899 6649
2249 567
3088 5197
8287 2094
6925 1668
8613 9751
2129 4514
4775 7804
3958 1450
793 6536
8920 286
2086 1479
9550 9428
9390 8513
8346 1554
4555 7966
8534 6597
1794 6804
5250 7974
5994 6433
6184 8528
9394 4607
2412 4665
2467 4169
706 6370
6656 3261
4740 9626
5406 5095
3608 4290
5844 1148
9115 8306
4903 399
3556 4001
1975 3049
9482 5158
3686 7969
8929 5667
6684 9432
3602 1341
7711 9152
2413 4308
286 719
2166 3505
4147 5692
3192 5775
433 6343
3094 2307
2660 5337
4738 6650
8161 4635
8957 4221
6240 8199
7632 4238
5579 2924
8428 1234
1894 9642
6713 841
698 2180
4224 8880
1007 4845
1188 3768
2428 7792
9481 4283
7285 5088
6076 4220
8441 5446
9998 1385
5623 1033
309 7630
5216 1202
7196 8738
5931 3462
5642 3909
9141 6630
7827 6218
9986 6500
4293 9016
3299 8766
3855 3774
7994 6936
8735 9931
1316 2787
3820 8733
2715 6939
4493 4130
9220 7931
7745 8041
1950 1503
4485 3387
5957 7444
3944 2313
1329 2295
1062 8237
2012 980
7916 1269
1200 6358
9146 3003
1736 8868
2159 2966
3448 4451
8734 6652
4693 9020
524 6479
6218 2995
6791 5009
7322 8527
7175 736
5325 5003
5983 8237
5858 3689
48 252
3255 7058
5926 9194
8512 1344
2147 4437
7441 1961
7333 882
3713 8486
1481 7857
2867 6284
4811 4625
5361 6541
1545 8338
2927 7038
728 3880
484 8785
5843 776
9970 3740
1436 8121
2558 8482
6795 3583
4465 9999
4837 4129
8338 4531
815 2671
7296 7557
4099 1978
317 9009
6047 1996
5876 3244
2030 6775
7551 6361
6453 4225
8699 3873
8708 7889
7824 7609
3961 1855
2336 8642
3173 8798
1469 675
4584 340
8670 8765
7774 8683
7031 5339
4936 174
6949 9260
1973 3318
7543 853
1078 8426
2667 2594
204 9786
7994 491
5485 4165
9315 330
7357 8658
5350 785
9550 1942
6977 4021
5712 3677
3851 4009
3269 648
3966 7152
8005 1594
20 7862
456 9084
5222 9039
5882 7012
7529 3216
9899 1368
6378 6845
7630 7256
5550 1729
2102 3532
3561 8880
2889 7814
8463 7412
917 2510
4104 8781
2995 8922
4358 476
5867 3452
6816 5933
5501 8101
5821 4346
7543 5400
9009 2200
281 5173
5057 911
9791 2383
197 8619
2383 9032
1542 5012
3794 3300
8575 1998
8826 3141
2945 2933
8866 1045
9147 9762
460 720
6120 4968
3520 8003
9528 1481
2393 3801
6184 4585
3204 2184
1217 2734
7746 1940
5240 9111
1110 7892
1034 3815
3101 6288
7334 3979
93 8319
9039 2833
4153 553
4908 5160
6641 7674
7827 4436
9022 5386
7571 4012
3098 8578
518 8788
7899 7196
1441 2111
5926 5361
1650 8827
9158 5379
3699 5336
4521 9252
6157 2738
4250 5026
9052 1066
5502 7244
2630 6880
892 876
9455 6553
5341 342
7538 9973
2084 3241
4954 8979
7806 4363
9742 2956
4644 3317
2569 9793
8884 9165
4192 5078
6144 9486
3082 3244
6476 7999
8875 2065
8618 3720
4062 8330
4656 3960
3553 1601
6932 3092
3807 8507
7816 1091
4408 3550
9695 2460
1626 6977
2055 8579
8066 2170
1766 4552
2551 7500
9565 8243
1963 1426
6109 8184
8496 2378
3979 7117
209 8401
6908 7263
8354 4017
3919 1076
3537 9114
2443 3614
8546 1515
37 4499
5403 2964
464 8155
6398 4306
5732 30
4566 4714
7092 8193
5310 3062
1463 7423
1038 5520
5889 4723
5800 9393
8507 9808
9774 5689
7204 951
1802 8320
1284 7241
5396 3557
7863 1749
8131 8147
9213 9947
8141 2697
2111 2657
6432 3451
5323 3574
4649 7470
6863 7564
7372 6801
2490 1723
9026 7147
1819 9694
3287 7180
737 3104
1205 5036
9535 4952
4899 5688
8385 8748
1405 3040
2844 6848
6774 7837
1659 4519
2084 1423
8225 4875
6598 5808
9307 715
6762 1976
9156 1127
583 49
1437 6245
1197 1788
3828 972
9720 2448
1841 2213
5413 7477
1666 1037
5556 2187
3610 3326
8201 3992
9801 8187
8903 1151
9479 5460
6587 2017
8418 4987
1232 3522
5310 9856
828 8781
1229 5490
4055 6901
4378 3070
4107 9468
1655 2397
5723 6016
6360 5266
9805 276
1427 2513
7974 8708
7077 906
2245 4561
8084 5496
5352 3477
8610 9746
1589 2532
9433 6191
5614 5644
5113 3812
6209 6073
2089 6768
8386 8284
8560 8450
963 8192
3252 6339
3597 5289
6203 330
2178 5842
5671 639
6737 7530
62 633
6824 8326
3971 5848
6012 8790
4864 9084
2204 8573
6857 3305
8107 6943
1487 1769
4460 5423
712 1091
7773 8057
251 6915
7554 9951
3833 2274
2907 4292
8970 248
6096 6083
4874 2941
8377 2108
681 9738
3043 6934
229 3890
5659 1151
6574 1716
9159 6471
4528 7286
554 6933
3236 1131
3405 4460
8752 3422
3670 2664
8747 7723
7016 6118
8226 3621
9711 5394
8680 5259
9149 2755
258 8909
6977 1160
7631 3184
6822 6136
9421 8511
5994 7376
1837 9010
2432 5751
8415 6941
1016 6102
2220 3514
7136 8033
9779 6798
8409 3199
5954 4811
3720 3910
1422 2564
5748 697
3185 9053
3916 2571
9947 8959
7969 6262
2013 8136
1430 401
2855 6780
294 2446
6831 1427
4577 3782
6982 2962
7773 2986
6896 9288
1853 7845
4894 8318
3723 3953
6524 8080
7039 3991
253 2824
7312 1360
8113 8618
1750 8742
1189 968
8747 2044
5827 8020
7335 3324
6310 9161
8449 5108
2954 9558
7876 6654
608 7848
2280 7951
8294 3484
6308 5671
7031 4899
3517 3621
8715 5144
2464 5267
3663 9904
4277 1211
4535 5842
5003 1612
6720 7197
6755 9805
2811 6026
3875 983
5286 9771
3256 2507
8179 3580
8479 5916
5889 1562
6707 8348
9967 4605
4509 5523
6735 3631
9473 5138
6750 7622
4820 829
6986 9823
5849 1575
8911 9797
5921 6076
4936 4197
7778 9177
1445 3115
4677 2609
958 7335
1940 7736
3260 925
4556 2801
7940 6347
3969 382
7563 1042
7217 8789
6717 4549
698 9419
5495 5628
6177 6619
2148 431
9898 3955
6565 3594
7281 928
8664 3875
4800 9221
8374 8276
4623 5709
2443 2666
3709 4945
86 6
4555 7278
6697 6803
8783 1605
8225 8545
5328 1313
5268 6725
6671 5227
6155 8185
8412 3952
3173 1171
9448 3213
5274 7900
566 423
1720 7717
7723 627
7906 1807
4962 8630
235 4603
3148 98
1411 4812
1538 8477
56 3031
7569 8209
2162 2563
3734 5981
5546 1687
5939 9534
6310 820
8537 2858
3485 8030
9837 6260
1242 7743
2347 1152
1250 1478
6290 1847
6676 2661
5692 4180
8742 3084
5647 3261
9243 7256
5295 9382
5268 4789
1962 1235
4093 1578
9609 499
3112 7578
1674 5798
6950 4354
2184 4021
2220 8200
7213 4827
9007 5249
8333 2906
2519 7749
1357 3981
9715 8114
9256 6653
7888 4983
2914 1218
1717 1981
5911 8875
4673 1181
1888 7585
7958 7976
6176 4072
8899 6531
1780 3390
2648 4259
8360 6465
446 5167
9634 9718
6371 6513
1497 8890
108 611
8944 763
9638 8177
5711 1207
5145 4311
8639 7599
8023 9455
5986 4816
4558 6923
7534 4118
584 3558
5077 5894
1964 7382
3896 4711
3601 4687
5298 1745
2508 3709
8239 594
1802 8498
9161 3950
1549 6947
6402 7801
2617 9572
2847 8741
9211 3527
3437 6733
8980 6147
3530 8514
3226 944
5632 3778
1875 3179
3241 7282
7877 4383
9233 1480
5430 6031
9330 8394
6195 3331
9255 5732
825 5164
5043 8455
5188 6389
2536 8480
6995 4168
1465 6066
6196 6573
6104 3449
731 8071
8806 9345
7177 4960
7343 8039
6434 8959
2290 6673
8758 8981
4146 7898
6353 9583
5972 9189
7670 1541
2062 4861
927 1017
3942 3527
6976 3476
1547 46
5744 4059
5372 354
8393 2921
1881 2715
9389 1179
161 523
8421 8147
4082 4307
9848 4774
2668 6407
1268 3870
1239 4730
4609 8547
2023 5181
1580 1585
1996 9923
277 7324
6597 7368
6436 5022
2554 8478
9002 5825
324 2715
3374 7423
8550 4406
7165 3222
3445 7570
2300 4785
3333 4684
6218 3261
1198 1708
1631 4150
7826 3194
6915 8260
3283 4423
9254 3351
9176 5837
4904 8256
2031 5852
258 8278
7852 6933
4503 3776
8561 1297
2334 3155
6416 8246
9955 8552
9054 7614
7161 1586
9847 6880
1303 4076
7427 9482
1671 557
5165 2955
8807 6575
4853 3549
482 5417
9193 9057
355 4986
4493 7755
2353 9041
7593 910
4876 2308
247 6647
9879 2037
2465 6446
5928 1182
8092 9892
9199 7599
526 3257
3158 8006
3424 5379
4436 3641
4979 8969
3076 1143
184 5824
6734 5430
7738 4129
7128 7963
6352 4337
783 7007
4542 8818
8710 3063
7014 8986
8595 7910
2268 7540
9271 1754
1747 2044
1014 60
1203 6726
8902 4090
9520 7740
8221 5637
9952 3611
7948 1702
5061 6304
5122 5084
8147 9603
8589 185
4447 1514
5406 3537
5291 3067
5112 4678
1090 7038
116 6126
216 8645
6385 9018
1007 6089
6052 959
2661 959
3616 4000
5436 7722
3678 5090
1627 9936
1450 8619
2156 6074
9142 3208
7886 7447
837 4254
6732 8976
7622 953
6324 3300
9389 359
7670 7331
4643 5441
5794 331
4406 8259
9701 7582
7518 8084
6703 1329
3755 5320
8529 5212
9011 9249
9855 2767
8096 9849
7154 6587
9888 2070
2429 3478
810 5629
7423 100
6783 5453
64 9569
7151 1189
5625 6117
7446 4670
9990 8681
3893 1202
6803 4871
7639 2904
2753 6659
9598 5735
7805 6260
9738 9486
1468 6586
6686 548
2353 8891
4812 9822
1011 8769
4887 1963
2985 6637
5318 2333
9887 9328
4199 5563
4819 3043
9702 1838
3925 7573
3833 9300
5139 1730
4669 9923
472 2959
8202 7707
7529 9177
7947 3014
4977 4893
1530 2834
1519 4315
3643 3200
5115 7759
802 4194
2385 9934
3859 6856
2508 6310
4393 4044
3968 7647
6958 9062
6769 4440
3617 5160
8174 4299
9192 7916
7102 9504
3819 7074
6626 8622
2733 3814
8008 1741
1675 9887
6743 393
3056 5535
9579 9251
3251 7449
6511 3547
4339 209
5370 9632
3931 4309
8577 9896
5752 9475
2901 5680
654 5923
9737 9527
7620 3387
3274 4098
4491 9296
1183 17
5620 7547
1348 7114
662 8871
5433 7859
3844 1353
2014 7155
3403 7775
3603 592
6272 9156
5079 2856
2384 6926
313 1169
5267 6356
5652 9939
6308 6110
10 3187
302 1928
7152 1358
5570 7316
8669 2585
6092 9414
3541 7036
7628 9495
8651 7144
6353 3900
7178 3731
1252 5089
1445 3843
3782 6519
2629 3450
6637 90
8370 2639
350 6939
607 5522
4459 5920
5334 5629
2665 551
6399 8875
2372 293
545 5050
5133 8725
3814 4075
7918 6385
9256 1611
5061 8052
4494 1886
877 1699
4990 2864
4739 1227
7147 1950
7579 5550
2454 8833
4061 6596
6889 8853
255 6433
1510 3786
4213 1741
4478 1676
3287 2131
6535 3735
1973 8349
6400 7381
6597 9202
430 7742
9692 1336
3239 3929
9115 3623
219 5693
898 3176
5961 3460
3598 7505
9246 7471
5499 7811
6294 3725
3812 8786
3487 2829
210 2137
1339 9887
3982 6808
4496 8121
8403 3674
3650 7735
9780 7518
7046 3869
7330 7030
4536 3007
6830 928
8740 3782
3859 2329
1115 5034
4216 4023
6160 4603
842 778
3938 7500
1973 4824
4851 8435
2522 376
4246 8501
8722 8655
5685 1292
651 6052
3333 221
356 7481
9810 2073
3459 4215
4591 7278
8233 4027
1158 751
4603 9075
252 5096
9883 6577
3305 1455
6308 8758
7413 7552
5196 5030
7435 9450
9672 5848
3329 768
9193 6380
6947 9492
6770 9004
9384 1538
2290 5003
430 542
5638 3245
6174 7034
8489 5522
632 9480
3384 1149
2532 4397
3847 8580
780 9967
7087 9871
6251 4110
9954 2632
1636 3199
4737 6724
1727 1020
7914 3379
2977 8509
5544 3553
5427 9151
8631 4033
1535 6059
456 8367
3300 4067
386 655
527 4080
4542 3825
6457 3130
6329 4496
7572 4445
1818 7419
7150 9299
7809 9732
9637 127
9279 9705
90 5064
7475 4262
2630 1625
2044 4283
1291 2282
2714 2430
2607 1818
4948 7257
8105 9064
9862 7630
5049 5678
1329 8032
7764 2199
8679 5490
5195 3754
5170 7958
2220 5286
3263 2646
3281 1202
3484 5308
7738 4572
2742 2551
9808 346
5762 4043
1673 4265
9943 1976
8 3074
5273 1273
3115 7773
7879 304
8262 8311
3597 3049
2047 6835
8037 6860
8520 5329
6253 7874
425 2611
2957 8996
3039 6585
850 5071
7048 1064
4138 7146
4771 3408
7533 5763
6068 7886
6197 5412
8462 4330
7517 6146
9359 509
2190 5555
9781 7879
490 8444
3792 6558
3143 9799
1223 3183
4247 345
7491 4623
8031 8385
500 2262
6501 5565
7329 6568
7251 2698
5197 5791
6301 4768
6675 4556
8787 8491
3287 2808
9366 9278
5429 7079
6614 8861
5559 6652
1275 861
5598 9402
8017 5659
7576 6099
9019 4518
7216 4905
697 6270
7391 8765
3321 3350
1841 4066
6875 2109
7739 1481
4912 2593
1455 3168
6173 1527
8740 7014
6416 3800
5811 4339
6790 4433
5303 3387
8293 2161
4784 2520
1285 5342
8692 2175
2593 959
9420 6885
8366 9468
2062 3511
6679 3279
4806 9869
3235 9204
3005 3546
4237 6003
6789 5168
8556 7379
9541 2092
964 3201
8543 4325
2852 8602
9561 7235
472 5445
4914 5333
8844 5191
8470 3328
9549 1875
1080 9628
9526 9136
5139 437
5605 116
7495 1928
373 513
3714 3388
4065 1337
9939 2257
5844 6917
2363 5852
7537 6317
1508 3629
3309 6381
4609 6330
2310 2858
1994 5689
2478 8188
8304 3485
1766 4435
4949 2152
5540 2139
3476 5015
7273 9606
2875 9768
1972 9469
5786 5238
8867 5862
2243 3646
6328 2176
1386 6852
8893 8638
6827 3380
3218 7723
2159 1483
3635 4984
7123 3460
8475 5528
5134 6951
3071 2100
1570 8009
9600 1396
7258 3708
3707 8467
6996 9501
2706 35
5026 8382
8115 7951
5675 1853
3336 1333
6317 4186
3998 6972
8852 9792
6743 8825
926 3986
8347 6167
7563 8848
8908 4299
9119 4821
674 2615
2651 6115
849 9732
7684 7677
5882 5316
6649 9711
3897 5570
8894 9318
5462 4247
3072 7746
8084 8558
4725 350
9198 2784
7083 2288
3461 8107
7074 6202
8669 4135
3868 6077
106 9519
4835 7904
7615 5988
7911 7837
3507 7864
2111 6805
4552 8970
7528 1535
1886 2636
5420 2253
893 7436
1895 8856
5058 4354
4841 8970
5047 3728
9599 5061
2965 1506
7494 786
4975 6932
1148 1757
8563 8483
3805 3259
1147 3115
2103 7685
6290 3033
469 3876
2732 7183
7889 2365
7687 7790
7870 2730
4144 9086
592 3821
4608 7109
394 4439
6196 5935
4418 1542
1154 4759
4226 4575
2260 2301
5334 6330
6558 8550
2085 2155
872 9290
3432 9974
9057 8559
3998 1303
1476 3201
6662 4590
5381 2436
8372 7056
4951 1578
2689 9142
3718 6105
8406 6916
9598 2330
7233 92
8599 6156
5446 9318
5645 9472
4383 5230
6533 1054
4255 8381
9324 4362
6798 917
4326 4705
2635 5170
665 9277
5382 5325
2241 735
9417 140
6584 8191
4347 6650
2321 5183
1007 6145
1375 7966
9020 5391
124 4261
4975 9627
6896 5800
6858 1773
3296 1222
6851 9493
4818 3961
1048 8585
8725 3411
1602 465
7116 1661
6845 2301
4798 5789
107 4204
9595 2526
3139 5479
5106 6072
1872 8114
9887 2002
9577 5082
4576 9535
9848 2780
1366 9394
9158 896
1362 6443
8105 760
9414 4830
6971 1302
5506 564
3090 7078
2557 1454
3878 6229
4343 7663
6017 2102
7185 583
118 1946
4727 1761
7507 9967
7215 2445
8888 6665
3778 4929
6111 3345
4647 9544
108 3082
160 6506
4312 3199
5780 2717
380 8190
292 124
7059 2750
1048 7477
9238 7177
3496 5775
8220 3098
6115 712
5641 3461
6806 9893
5789 1753
4835 7806
664 5898
5449 1348
4065 4976
3166 7581
7705 798
3548 3458
936 1116
8294 948
6724 6526
5976 8142
8854 1296
1109 2092
8337 848
8953 4268
8426 4127
6377 140
1488 9090
4066 8178
5759 5554
6352 3584
7042 9817
933 6252
7200 4330
7209 5579
3722 276
7925 3185
1629 8928
6128 5386
9654 9967
446 5081
1574 8080
7170 3175
1353 3062
4968 7588
1172 7112
6929 7672
3924 4567
8897 4215
9794 7477
4105 6106
5644 9868
5149 8382
3769 7273
3592 1277
2711 3423
7856 390
3565 4285
3699 1378
8967 4918
8383 8668
6340 6491
2000
8819 4712
-8819 -4712
13251 17953
-13251 -17953
15288 12218
-15288 -12218
16110 13762
-16110 -13762
15872 18051
-15872 -18051
6412 4054
-6412 -4054
13531 8260
-13531 -8260
8578 2206
-8578 -2206
8239 10722
-8239 -10722
14214 5730
-14214 -5730
6173 7548
-6173 -7548
19108 19231
-19108 -19231
2298 17547
-2298 -17547
18853 15187
-18853 -15187
4582 5671
-4582 -5671
15055 13402
-15055 -13402
10383 4658
-10383 -4658
7707 2023
-7707 -2023
16876 3817
-16876 -3817
15785 9101
-15785 -9101
1869 18549
-1869 -18549
9507 11752
-9507 -11752
6809 18086
-6809 -18086
10310 15049
-10310 -15049
8808 4524
-8808 -4524
17131 14981
-17131 -14981
8425 12591
-8425 -12591
10565 10723
-10565 -10723
10139 9418
-10139 -9418
2262 14721
-2262 -14721
11441 13670
-11441 -13670
4475 1824
-4475 -1824
18328 8534
-18328 -8534
199 11557
-199 -11557
12352 12337
-12352 -12337
17010 10573
-17010 -10573
10886 6517
-10886 -6517
2325 17696
-2325 -17696
4603 8987
-4603 -8987
9097 9763
-9097 -9763
13512 2580
-13512 -2580
1097 1937
-1097 -1937
15172 8014
-15172 -8014
9012 1663
-9012 -1663
13784 7626
-13784 -7626
16384 5226
-16384 -5226
1296 17212
-1296 -17212
3402 15977
-3402 -15977
5746 3602
-5746 -3602
3886 14450
-3886 -14450
15939 896
-15939 -896
5023 6825
-5023 -6825
7413 3700
-7413 -3700
873 8369
-873 -8369
12688 6322
-12688 -6322
14484 2552
-14484 -2552
8903 15581
-8903 -15581
841 427
-841 -427
3595 6205
-3595 -6205
2090 17380
-2090 -17380
13831 14826
-13831 -14826
18958 11480
-18958 -11480
8390 2360
-8390 -2360
3809 14137
-3809 -14137
5962 4047
-5962 -4047
8587 1901
-8587 -1901
4943 9963
-4943 -9963
5079 8708
-5079 -8708
10015 5952
-10015 -5952
13429 19055
-13429 -19055
8627 7914
-8627 -7914
1607 17530
-1607 -17530
19847 18800
-19847 -18800
14309 3443
-14309 -3443
5005 12751
-5005 -12751
17175 15189
-17175 -15189
7577 16133
-7577 -16133
6669 15968
-6669 -15968
14845 6830
-14845 -6830
6457 808
-6457 -808
10877 11396
-10877 -11396
19061 12172
-19061 -12172
17711 4140
-17711 -4140
17232 7727
-17232 -7727
10093 10662
-10093 -10662
6782 15072
-6782 -15072
14928 4742
-14928 -4742
12602 14775
-12602 -14775
19894 3263
-19894 -3263
14570 4900
-14570 -4900
16014 11745
-16014 -11745
89 19943
-89 -19943
4230 3110
-4230 -3110
12263 19076
-12263 -19076
9940 15072
-9940 -15072
16236 17169
-16236 -17169
6469 15297
-6469 -15297
9341 532
-9341 -532
19438 2925
-19438 -2925
8259 5883
-8259 -5883
13587 11394
-13587 -11394
955 4867
-955 -4867
12488 9909
-12488 -9909
19643 12382
-19643 -12382
9524 14213
-9524 -14213
17282 5538
-17282 -5538
2311 13723
-2311 -13723
1833 2893
-1833 -2893
13185 10449
-13185 -10449
18321 19477
-18321 -19477
5521 14557
-5521 -14557
16646 8342
-16646 -8342
6207 2339
-6207 -2339
8875 5645
-8875 -5645
5265 13486
-5265 -13486
7880 15204
-7880 -15204
4880 5187
-4880 -5187
72 13720
-72 -13720
15096 16067
-15096 -16067
6103 4620
-6103 -4620
6632 19737
-6632 -19737
6510 5295
-6510 -5295
9813 4695
-9813 -4695
4541 2998
-4541 -2998
15144 2862
-15144 -2862
2476 17018
-2476 -17018
13772 15474
-13772 -15474
5360 16331
-5360 -16331
14166 14235
-14166 -14235
1976 15783
-1976 -15783
7722 6208
-7722 -6208
10987 8954
-10987 -8954
11395 7411
-11395 -7411
2675 2843
-2675 -2843
3478 5130
-3478 -5130
3815 6463
-3815 -6463
4867 10325
-4867 -10325
8110 14680
-8110 -14680
11372 12651
-11372 -12651
14031 6517
-14031 -6517
15514 16507
-15514 -16507
19887 5638
-19887 -5638
8333 5247
-8333 -5247
1969 18851
-1969 -18851
15835 297
-15835 -297
14634 19909
-14634 -19909
2857 5622
-2857 -5622
8863 14252
-8863 -14252
9385 7890
-9385 -7890
13447 9216
-13447 -9216
13020 17262
-13020 -17262
15679 17888
-15679 -17888
3939 3789
-3939 -3789
8920 15311
-8920 -15311
16441 2951
-16441 -2951
18180 8307
-18180 -8307
15810 18067
-15810 -18067
10297 496
-10297 -496
3315 8618
-3315 -8618
19347 15502
-19347 -15502
8915 13982
-8915 -13982
15411 8124
-15411 -8124
15956 626
-15956 -626
2376 5341
-2376 -5341
8517 15823
-8517 -15823
14557 17889
-14557 -17889
9437 6588
-9437 -6588
15777 13376
-15777 -13376
6730 1050
-6730 -1050
8687 19523
-8687 -19523
4001 6868
-4001 -6868
4182 16164
-4182 -16164
1287 14479
-1287 -14479
16660 954
-16660 -954
19449 16007
-19449 -16007
16456 4716
-16456 -4716
9989 11867
-9989 -11867
12840 2297
-12840 -2297
8846 15216
-8846 -15216
7639 17363
-7639 -17363
7391 18548
-7391 -18548
15252 16828
-15252 -16828
5137 7382
-5137 -7382
10204 11867
-10204 -11867
8432 15243
-8432 -15243
7742 8785
-7742 -8785
18463 11924
-18463 -11924
4949 19751
-4949 -19751
6403 17961
-6403 -17961
705 2204
-705 -2204
13969 13514
-13969 -13514
6920 310
-6920 -310
1733 19760
-1733 -19760
2608 10579
-2608 -10579
11328 6599
-11328 -6599
7942 18719
-7942 -18719
5147 19547
-5147 -19547
11899 6636
-11899 -6636
3281 18455
-3281 -18455
14855 8065
-14855 -8065
13698 2597
-13698 -2597
13202 12162
-13202 -12162
14521 18152
-14521 -18152
8265 17276
-8265 -17276
12465 8970
-12465 -8970
19480 2786
-19480 -2786
18836 6400
-18836 -6400
3097 570
-3097 -570
6160 2057
-6160 -2057
11149 17488
-11149 -17488
5008 15444
-5008 -15444
12559 10155
-12559 -10155
14991 810
-14991 -810
16792 14624
-16792 -14624
19265 11647
-19265 -11647
2689 12964
-2689 -12964
14245 15891
-14245 -15891
1478 5118
-1478 -5118
10395 9743
-10395 -9743
2395 2861
-2395 -2861
15065 1875
-15065 -1875
5647 13902
-5647 -13902
4628 5096
-4628 -5096
10824 10788
-10824 -10788
3505 1973
-3505 -1973
4629 8513
-4629 -8513
13769 13540
-13769 -13540
15021 8760
-15021 -8760
14351 8165
-14351 -8165
19736 13616
-19736 -13616
19812 2425
-19812 -2425
2932 10409
-2932 -10409
14669 762
-14669 -762
11880 5064
-11880 -5064
6857 14275
-6857 -14275
4277 1923
-4277 -1923
16150 6277
-16150 -6277
12177 17130
-12177 -17130
11373 3001
-11373 -3001
7919 14879
-7919 -14879
1326 8900
-1326 -8900
19744 15096
-19744 -15096
2440 14765
-2440 -14765
208 13143
-208 -13143
2930 19945
-2930 -19945
3112 19095
-3112 -19095
18722 2396
-18722 -2396
5856 13391
-5856 -13391
3159 17736
-3159 -17736
14808 10016
-14808 -10016
12011 19085
-12011 -19085
8291 4514
-8291 -4514
5362 16820
-5362 -16820
1644 13088
-1644 -13088
16173 5915
-16173 -5915
4319 13852
-4319 -13852
11167 4063
-11167 -4063
8948 9960
-8948 -9960
18829 5508
-18829 -5508
3103 18111
-3103 -18111
1805 6215
-1805 -6215
17206 528
-17206 -528
4964 19415
-4964 -19415
10271 8123
-10271 -8123
17151 5079
-17151 -5079
14491 5515
-14491 -5515
4165 2783
-4165 -2783
6381 5879
-6381 -5879
15955 8025
-15955 -8025
18967 12129
-18967 -12129
10293 3286
-10293 -3286
5981 1460
-5981 -1460
7350 11281
-7350 -11281
11420 2531
-11420 -2531
16789 10876
-16789 -10876
16994 18595
-16994 -18595
13443 10553
-13443 -10553
15475 18407
-15475 -18407
9968 5746
-9968 -5746
2882 3471
-2882 -3471
10826 17374
-10826 -17374
8986 11343
-8986 -11343
16509 15367
-16509 -15367
17222 12464
-17222 -12464
19745 16190
-19745 -16190
4593 6390
-4593 -6390
15828 6926
-15828 -6926
7850 19530
-7850 -19530
18207 15623
-18207 -15623
18413 11349
-18413 -11349
2851 15408
-2851 -15408
6296 16294
-6296 -16294
2313 1771
-2313 -1771
11054 12281
-11054 -12281
3869 13936
-3869 -13936
12104 11047
-12104 -11047
7662 17443
-7662 -17443
2390 4171
-2390 -4171
12810 15965
-12810 -15965
16636 8907
-16636 -8907
8507 17581
-8507 -17581
15297 4335
-15297 -4335
860 19500
-860 -19500
3866 15419
-3866 -15419
11475 18631
-11475 -18631
6768 14326
-6768 -14326
14039 9416
-14039 -9416
6972 12704
-6972 -12704
11187 14378
-11187 -14378
1337 11409
-1337 -11409
8315 13442
-8315 -13442
2456 15977
-2456 -15977
10885 1199
-10885 -1199
16501 47
-16501 -47
13516 9489
-13516 -9489
8955 2023
-8955 -2023
7070 604
-7070 -604
6358 4282
-6358 -4282
16456 6576
-16456 -6576
19702 4283
-19702 -4283
5208 2822
-5208 -2822
18609 15599
-18609 -15599
12239 1934
-12239 -1934
4656 19778
-4656 -19778
16312 5993
-16312 -5993
11187 979
-11187 -979
19435 9996
-19435 -9996
16957 6672
-16957 -6672
7547 13458
-7547 -13458
6720 1063
-6720 -1063
19299 12027
-19299 -12027
3086 2721
-3086 -2721
8983 5796
-8983 -5796
7004 5440
-7004 -5440
12373 3058
-12373 -3058
9723 13933
-9723 -13933
5880 4685
-5880 -4685
5884 18119
-5884 -18119
6619 6892
-6619 -6892
14250 19283
-14250 -19283
12886 5437
-12886 -5437
263 8673
-263 -8673
11785 13572
-11785 -13572
15346 19332
-15346 -19332
3382 2066
-3382 -2066
395 2681
-395 -2681
14093 3481
-14093 -3481
5402 3076
-5402 -3076
9278 12406
-9278 -12406
4868 18003
-4868 -18003
11816 10944
-11816 -10944
8288 17697
-8288 -17697
15629 10524
-15629 -10524
12168 18600
-12168 -18600
17417 6418
-17417 -6418
14235 6655
-14235 -6655
8208 14498
-8208 -14498
15328 19993
-15328 -19993
4422 10674
-4422 -10674
15678 7804
-15678 -7804
12740 16073
-12740 -16073
10485 3185
-10485 -3185
15907 12240
-15907 -12240
2614 5185
-2614 -5185
998 7482
-998 -7482
19540 12815
-19540 -12815
18426 4180
-18426 -4180
10512 10407
-10512 -10407
11056 19032
-11056 -19032
5359 4825
-5359 -4825
5451 19595
-5451 -19595
11480 10011
-11480 -10011
10445 6809
-10445 -6809
6356 14868
-6356 -14868
17483 2034
-17483 -2034
2672 6576
-2672 -6576
18108 9510
-18108 -9510
9761 14015
-9761 -14015
1750 8727
-1750 -8727
15552 2748
-15552 -2748
16210 11444
-16210 -11444
15563 10988
-15563 -10988
11976 2427
-11976 -2427
17748 3032
-17748 -3032
1460 19459
-1460 -19459
7858 3263
-7858 -3263
19054 15690
-19054 -15690
13274 5852
-13274 -5852
2499 19630
-2499 -19630
720 16335
-720 -16335
18017 19744
-18017 -19744
19263 16125
-19263 -16125
9254 5376
-9254 -5376
6492 11004
-6492 -11004
14104 18396
-14104 -18396
10105 6666
-10105 -6666
6192 2020
-6192 -2020
14006 18168
-14006 -18168
4448 11754
-4448 -11754
1200 2260
-1200 -2260
11214 5410
-11214 -5410
5523 6620
-5523 -6620
1101 18797
-1101 -18797
12472 19952
-12472 -19952
14779 9544
-14779 -9544
16287 12796
-16287 -12796
9289 11902
-9289 -11902
5273 18543
-5273 -18543
17279 8117
-17279 -8117
5900 7735
-5900 -7735
6513 12357
-6513 -12357
14401 12705
-14401 -12705
14377 8407
-14377 -8407
10873 18825
-10873 -18825
16514 8426
-16514 -8426
1085 4080
-1085 -4080
10188 2960
-10188 -2960
7052 11289
-7052 -11289
18109 19525
-18109 -19525
11242 12889
-11242 -12889
9069 3881
-9069 -3881
2037 18358
-2037 -18358
12136 7311
-12136 -7311
13254 9415
-13254 -9415
15428 15506
-15428 -15506
13502 18294
-13502 -18294
7863 7903
-7863 -7903
7351 2240
-7351 -2240
12662 18225
-12662 -18225
17418 5528
-17418 -5528
3003 14855
-3003 -14855
9608 13191
-9608 -13191
17816 16661
-17816 -16661
833 15925
-833 -15925
12538 8427
-12538 -8427
8814 17959
-8814 -17959
8660 7204
-8660 -7204
12670 796
-12670 -796
10867 5924
-10867 -5924
6563 6295
-6563 -6295
17782 65
-17782 -65
941 5645
-941 -5645
4320 8293
-4320 -8293
7885 13335
-7885 -13335
2870 1655
-2870 -1655
18863 5873
-18863 -5873
16511 4824
-16511 -4824
15416 14327
-15416 -14327
17837 12601
-17837 -12601
10252 10375
-10252 -10375
1028 15419
-1028 -15419
4686 6041
-4686 -6041
2623 17356
-2623 -17356
3189 13490
-3189 -13490
19632 6105
-19632 -6105
16137 17414
-16137 -17414
2522 17079
-2522 -17079
19411 6843
-19411 -6843
5372 7297
-5372 -7297
178 4594
-178 -4594
8952 15393
-8952 -15393
10467 5463
-10467 -5463
217 2235
-217 -2235
16142 18054
-16142 -18054
11189 6395
-11189 -6395
4781 8569
-4781 -8569
18166 5820
-18166 -5820
14610 789
-14610 -789
3176 14152
-3176 -14152
10631 19161
-10631 -19161
257 6768
-257 -6768
12927 2779
-12927 -2779
199 12339
-199 -12339
5974 1923
-5974 -1923
19636 2504
-19636 -2504
6517 4940
-6517 -4940
17898 13336
-17898 -13336
6756 14467
-6756 -14467
11924 2898
-11924 -2898
8874 3113
-8874 -3113
5645 13655
-5645 -13655
11682 3811
-11682 -3811
19475 2645
-19475 -2645
952 19004
-952 -19004
16797 11583
-16797 -11583
18165 17054
-18165 -17054
14704 11092
-14704 -11092
16185 11255
-16185 -11255
19783 2160
-19783 -2160
13179 19419
-13179 -19419
4664 16048
-4664 -16048
712 18914
-712 -18914
9385 3820
-9385 -3820
13382 17661
-13382 -17661
3070 2256
-3070 -2256
774 8716
-774 -8716
12263 8808
-12263 -8808
8879 11739
-8879 -11739
11453 9832
-11453 -9832
7095 8250
-7095 -8250
17767 1612
-17767 -1612
1656 12471
-1656 -12471
9056 17842
-9056 -17842
3727 8840
-3727 -8840
16354 13258
-16354 -13258
4611 1018
-4611 -1018
9306 1675
-9306 -1675
16285 15043
-16285 -15043
5495 9667
-5495 -9667
12704 8566
-12704 -8566
11923 9830
-11923 -9830
13634 538
-13634 -538
18639 2513
-18639 -2513
8629 6444
-8629 -6444
12345 15724
-12345 -15724
11047 6465
-11047 -6465
17336 12703
-17336 -12703
18936 2745
-18936 -2745
6897 19015
-6897 -19015
11585 3251
-11585 -3251
8625 16196
-8625 -16196
622 14284
-622 -14284
17872 16907
-17872 -16907
9327 19719
-9327 -19719
2926 18384
-2926 -18384
8285 14849
-8285 -14849
8214 18271
-8214 -18271
11739 3205
-11739 -3205
785 369
-785 -369
9650 9482
-9650 -9482
16093 697
-16093 -697
15947 9782
-15947 -9782
13400 11236
-13400 -11236
12527 16650
-12527 -16650
10251 464
-10251 -464
16253 15229
-16253 -15229
16660 16875
-16660 -16875
9513 10884
-9513 -10884
10134 18840
-10134 -18840
6956 13060
-6956 -13060
17224 15241
-17224 -15241
4261 1791
-4261 -1791
13513 16001
-13513 -16001
4996 10650
-4996 -10650
16370 14646
-16370 -14646
132 8815
-132 -8815
15343 16080
-15343 -16080
14949 5096
-14949 -5096
7316 7476
-7316 -7476
1746 13919
-1746 -13919
7940 14351
-7940 -14351
9148 953
-9148 -953
7579 18661
-7579 -18661
8189 17713
-8189 -17713
13854 15145
-13854 -15145
7126 7430
-7126 -7430
6739 11387
-6739 -11387
9221 16604
-9221 -16604
3740 10570
-3740 -10570
7254 16462
-7254 -16462
1568 3738
-1568 -3738
1630 13264
-1630 -13264
16170 16579
-16170 -16579
18360 19838
-18360 -19838
4056 16458
-4056 -16458
10110 8348
-10110 -8348
10809 19258
-10809 -19258
5653 18388
-5653 -18388
14272 13843
-14272 -13843
12454 8126
-12454 -8126
5340 19580
-5340 -19580
11908 12079
-11908 -12079
7319 17482
-7319 -17482
5035 7412
-5035 -7412
8052 8641
-8052 -8641
226 9620
-226 -9620
12380 1856
-12380 -1856
19236 4902
-19236 -4902
18436 17596
-18436 -17596
4741 18844
-4741 -18844
10406 14851
-10406 -14851
7192 17568
-7192 -17568
10461 12846
-10461 -12846
15956 4733
-15956 -4733
3041 4762
-3041 -4762
9211 8381
-9211 -8381
694 17472
-694 -17472
16813 8014
-16813 -8014
14954 1848
-14954 -1848
11778 19358
-11778 -19358
10490 12004
-10490 -12004
5330 19222
-5330 -19222
13861 4567
-13861 -4567
4124 12297
-4124 -12297
2163 8865
-2163 -8865
7493 8922
-7493 -8922
68 14685
-68 -14685
6490 10530
-6490 -10530
3883 18798
-3883 -18798
11615 3276
-11615 -3276
3561 17179
-3561 -17179
11658 4255
-11658 -4255
14651 8471
-14651 -8471
8621 9605
-8621 -9605
6671 16751
-6671 -16751
8963 13513
-8963 -13513
8756 10645
-8756 -10645
12735 18969
-12735 -18969
15212 13212
-15212 -13212
7618 13728
-7618 -13728
18429 15111
-18429 -15111
2650 18498
-2650 -18498
6148 9140
-6148 -9140
5380 10032
-5380 -10032
7938 16995
-7938 -16995
13308 7851
-13308 -7851
14174 1318
-14174 -1318
8459 8825
-8459 -8825
6141 13432
-6141 -13432
14782 9165
-14782 -9165
10184 97
-10184 -97
2678 15292
-2678 -15292
10743 11766
-10743 -11766
14261 5955
-14261 -5955
4978 18231
-4978 -18231
19683 3407
-19683 -3407
13342 2333
-13342 -2333
1905 19490
-1905 -19490
7825 7285
-7825 -7285
5874 12116
-5874 -12116
633 15535
-633 -15535
19967 14807
-19967 -14807
16853 4778
-16853 -4778
19985 19347
-19985 -19347
18211 14767
-18211 -14767
8512 4747
-8512 -4747
14865 11190
-14865 -11190
16391 1960
-16391 -1960
2956 10652
-2956 -10652
7915 7934
-7915 -7934
8883 7599
-8883 -7599
7694 18577
-7694 -18577
6284 5951
-6284 -5951
18067 14110
-18067 -14110
9589 294
-9589 -294
2578 10222
-2578 -10222
15829 2545
-15829 -2545
1381 9034
-1381 -9034
3676 1366
-3676 -1366
8381 1887
-8381 -1887
12486 13245
-12486 -13245
2986 3703
-2986 -3703
788 19377
-788 -19377
5663 3744
-5663 -3744
6381 13578
-6381 -13578
8031 15264
-8031 -15264
17529 12077
-17529 -12077
10193 166
-10193 -166
18028 8260
-18028 -8260
10628 7617
-10628 -7617
4906 13206
-4906 -13206
17839 735
-17839 -735
12103 19221
-12103 -19221
6122 15779
-6122 -15779
16939 10855
-16939 -10855
17666 9425
-17666 -9425
4101 17004
-4101 -17004
13128 4889
-13128 -4889
16381 18791
-16381 -18791
4985 2762
-4985 -2762
8722 9368
-8722 -9368
14378 6251
-14378 -6251
1445 4571
-1445 -4571
2769 19474
-2769 -19474
9184 13397
-9184 -13397
3443 14090
-3443 -14090
6603 1283
-6603 -1283
11178 18707
-11178 -18707
16856 13652
-16856 -13652
14486 13795
-14486 -13795
4507 8505
-4507 -8505
19573 4960
-19573 -4960
5509 9053
-5509 -9053
9849 18243
-9849 -18243
7845 11187
-7845 -11187
1005 12919
-1005 -12919
555 15384
-555 -15384
15522 2001
-15522 -2001
16307 18292
-16307 -18292
17827 5491
-17827 -5491
11689 1270
-11689 -1270
15934 14645
-15934 -14645
18905 3464
-18905 -3464
9704 15761
-9704 -15761
17116 542
-17116 -542
5909 1623
-5909 -1623
5399 1834
-5399 -1834
2936 7261
-2936 -7261
10887 9137
-10887 -9137
5504 15084
-5504 -15084
324 6509
-324 -6509
8003 17232
-8003 -17232
18245 3526
-18245 -3526
15585 10905
-15585 -10905
1818 13412
-1818 -13412
12748 9859
-12748 -9859
14682 8682
-14682 -8682
856 9940
-856 -9940
12146 6912
-12146 -6912
2053 5614
-2053 -5614
7455 7962
-7455 -7962
7238 12854
-7238 -12854
6148 6526
-6148 -6526
16467 17036
-16467 -17036
15663 1971
-15663 -1971
12120 15988
-12120 -15988
4833 16476
-4833 -16476
13220 19430
-13220 -19430
16354 8805
-16354 -8805
10335 18172
-10335 -18172
18569 3084
-18569 -3084
4383 9603
-4383 -9603
11766 1592
-11766 -1592
19543 265
-19543 -265
8504 1597
-8504 -1597
5879 12311
-5879 -12311
5911 9469
-5911 -9469
1518 12060
-1518 -12060
15995 17985
-15995 -17985
5448 11659
-5448 -11659
19957 13920
-19957 -13920
3999 4790
-3999 -4790
10396 13571
-10396 -13571
4220 6750
-4220 -6750
18728 10908
-18728 -10908
1274 17297
-1274 -17297
13992 2010
-13992 -2010
3252 2110
-3252 -2110
3602 2796
-3602 -2796
18727 8458
-18727 -8458
4393 4607
-4393 -4607
770 6656
-770 -6656
10428 2288
-10428 -2288
18716 6424
-18716 -6424
16625 4164
-16625 -4164
14435 16582
-14435 -16582
14437 14786
-14437 -14786
17724 4833
-17724 -4833
8357 18297
-8357 -18297
7936 3437
-7936 -3437
9205 5562
-9205 -5562
17086 19549
-17086 -19549
7572 338
-7572 -338
1659 7526
-1659 -7526
3134 387
-3134 -387
12337 3879
-12337 -3879
1346 13107
-1346 -13107
10536 11774
-10536 -11774
11747 9252
-11747 -9252
14550 4724
-14550 -4724
9769 5337
-9769 -5337
1307 4206
-1307 -4206
123 15383
-123 -15383
5391 4832
-5391 -4832
13680 13327
-13680 -13327
4621 2885
-4621 -2885
15242 1707
-15242 -1707
2434 2814
-2434 -2814
2046 446
-2046 -446
6693 1532
-6693 -1532
17185 19030
-17185 -19030
5412 18531
-5412 -18531
8489 15948
-8489 -15948
6657 16588
-6657 -16588
1552 17560
-1552 -17560
1312 7673
-1312 -7673
2897 2619
-2897 -2619
8231 19373
-8231 -19373
18003 13623
-18003 -13623
557 8035
-557 -8035
3302 5179
-3302 -5179
7273 18544
-7273 -18544
6886 6059
-6886 -6059
17711 8932
-17711 -8932
6505 4404
-6505 -4404
10465 3690
-10465 -3690
19786 12229
-19786 -12229
18573 8275
-18573 -8275
4529 5231
-4529 -5231
4863 2433
-4863 -2433
2791 6175
-2791 -6175
10107 2040
-10107 -2040
5147 14690
-5147 -14690
1413 19502
-1413 -19502
4665 1971
-4665 -1971
7537 7968
-7537 -7968
7150 14810
-7150 -14810
2864 10388
-2864 -10388
870 16927
-870 -16927
19321 3727
-19321 -3727
17683 6138
-17683 -6138
3770 17469
-3770 -17469
14719 2343
-14719 -2343
5744 19248
-5744 -19248
3926 10607
-3926 -10607
1681 3069
-1681 -3069
13135 11788
-13135 -11788
5110 18282
-5110 -18282
2831 2875
-2831 -2875
17784 7496
-17784 -7496
4846 1673
-4846 -1673
11816 8348
-11816 -8348
16484 14681
-16484 -14681
18737 13706
-18737 -13706
7960 14410
-7960 -14410
17433 5644
-17433 -5644
16900 1203
-16900 -1203
3113 11619
-3113 -11619
3547 5210
-3547 -5210
7219 3825
-7219 -3825
15817 8900
-15817 -8900
6895 5304
-6895 -5304
17041 8357
-17041 -8357
3586 19872
-3586 -19872
11232 17722
-11232 -17722
7368 12431
-7368 -12431
19396 19185
-19396 -19185
17131 12232
-17131 -12232
10218 15868
-10218 -15868
5938 18178
-5938 -18178
6630 3371
-6630 -3371
174 19882
-174 -19882
4575 3288
-4575 -3288
11501 4474
-11501 -4474
8498 15072
-8498 -15072
8299 667
-8299 -667
3973 15194
-3973 -15194
5972 1014
-5972 -1014
19903 5910
-19903 -5910
17238 11136
-17238 -11136
19985 4606
-19985 -4606
19919 19381
-19919 -19381
143 17050
-143 -17050
11613 10361
-11613 -10361
9271 17551
-9271 -17551
4892 15901
-4892 -15901
17274 5066
-17274 -5066
12136 1849
-12136 -1849
4706 19989
-4706 -19989
2675 9556
-2675 -9556
15062 10975
-15062 -10975
6576 19035
-6576 -19035
2521 8900
-2521 -8900
16401 2425
-16401 -2425
14810 13639
-14810 -13639
9913 14795
-9913 -14795
14597 9832
-14597 -9832
10528 14741
-10528 -14741
3234 18493
-3234 -18493
1454 12505
-1454 -12505
12396 6346
-12396 -6346
4759 9671
-4759 -9671
7765 16895
-7765 -16895
7872 8823
-7872 -8823
16884 10548
-16884 -10548
18380 11946
-18380 -11946
17875 1308
-17875 -1308
7333 396
-7333 -396
10208 3734
-10208 -3734
19173 1370
-19173 -1370
13725 9086
-13725 -9086
12518 8323
-12518 -8323
18918 3046
-18918 -3046
3064 2153
-3064 -2153
1540 870
-1540 -870
11010 10288
-11010 -10288
7217 15769
-7217 -15769
19959 11334
-19959 -11334
9016 4184
-9016 -4184
157 5901
-157 -5901
11084 14889
-11084 -14889
14199 8959
-14199 -8959
12549 1533
-12549 -1533
9355 2757
-9355 -2757
1619 8529
-1619 -8529
4128 15345
-4128 -15345
17615 16646
-17615 -16646
3668 12886
-3668 -12886
16044 3084
-16044 -3084
11391 13936
-11391 -13936
3954 18753
-3954 -18753
4225 7523
-4225 -7523
14523 536
-14523 -536
15209 3539
-15209 -3539
1072 11719
-1072 -11719
5792 12156
-5792 -12156
2960 19992
-2960 -19992
1115 15510
-1115 -15510
17877 10471
-17877 -10471
18267 19496
-18267 -19496
15352 18747
-15352 -18747
11193 12967
-11193 -12967
11745 11213
-11745 -11213
2205 7790
-2205 -7790
10649 9948
-10649 -9948
18078 14604
-18078 -14604
8702 2303
-8702 -2303
18479 19577
-18479 -19577
19192 13689
-19192 -13689
19468 264
-19468 -264
5408 5261
-5408 -5261
12421 8368
-12421 -8368
1605 13536
-1605 -13536
3878 15834
-3878 -15834
359 18498
-359 -18498
11682 15711
-11682 -15711
13597 2876
-13597 -2876
5031 1695
-5031 -1695
10441 3588
-10441 -3588
5837 1091
-5837 -1091
13537 3915
-13537 -3915
12047 18591
-12047 -18591
2571 10526
-2571 -10526
18168 1763
-18168 -1763
4215 13988
-4215 -13988
18379 5975
-18379 -5975
19249 10800
-19249 -10800
10696 17206
-10696 -17206
689 10926
-689 -10926
13040 1048
-13040 -1048
9424 4723
-9424 -4723
13112 19374
-13112 -19374
3951 18143
-3951 -18143
1069 14392
-1069 -14392
1731 6906
-1731 -6906
15483 11620
-15483 -11620
10821 7530
-10821 -7530
6563 9744
-6563 -9744
14409 1083
-14409 -1083
11507 14976
-11507 -14976
15072 9887
-15072 -9887
952 10673
-952 -10673
17039 11648
-17039 -11648
7880 14080
-7880 -14080
2574 920
-2574 -920
15129 8351
-15129 -8351
1995 4593
-1995 -4593
4077 5946
-4077 -5946
19088 5146
-19088 -5146
16691 17171
-16691 -17171
8404 12174
-8404 -12174
8792 15577
-8792 -15577
16057 11707
-16057 -11707
5322 10466
-5322 -10466
12791 16829
-12791 -16829
5442 7863
-5442 -7863
3068 2746
-3068 -2746
18536 16460
-18536 -16460
14394 6416
-14394 -6416
10540 13321
-10540 -13321
3689 2021
-3689 -2021
18024 2036
-18024 -2036
6614 18453
-6614 -18453
7983 5702
-7983 -5702
3599 1026
-3599 -1026
2874 8355
-2874 -8355
13200 8018
-13200 -8018
3932 5609
-3932 -5609
19725 9254
-19725 -9254
16075 8868
-16075 -8868
2436 1518
-2436 -1518
16731 1856
-16731 -1856
616 11620
-616 -11620
18316 11363
-18316 -11363
18036 5209
-18036 -5209
4684 18077
-4684 -18077
7230 19060
-7230 -19060
114 10197
-114 -10197
17513 4449
-17513 -4449
12251 17464
-12251 -17464
5475 11477
-5475 -11477
2171 15027
-2171 -15027
15847 6103
-15847 -6103
637 11925
-637 -11925
15358 13064
-15358 -13064
793 14146
-793 -14146
10934 17525
-10934 -17525
16002 11551
-16002 -11551
9145 10671
-9145 -10671
2914 3533
-2914 -3533
15880 3950
-15880 -3950
17963 19462
-17963 -19462
19362 14429
-19362 -14429
9659 13227
-9659 -13227
18878 18263
-18878 -18263
10691 705
-10691 -705
6092 9214
-6092 -9214
12084 1940
-12084 -1940
15317 9073
-15317 -9073
13865 7027
-13865 -7027