7
4
50 200 700 13
20 1000 0 0
0 0 0 0
50 0 0 10
23 15 0 0
0 0 13 0
0 13 35 68
7
2
10 20
20 30
40 70
20 20
40 60
10 10
0 0
7
1
50
20
30
10
80
75
15
7
10
10 10 10 10 10 10 10 10 10 10
95 0 0 0 0 0 0 0 0 0
0 0 0 105 0 0 0 0 0 0
1 0 0 0 81 0 16 0 5 0
16 16 16 0 0 0 0 16 16 16
5 6 7 8 9 10 11 12 13 14
0 0 0 0 0 0 0 0 88 0
7
2
10 90
20 80
30 70
40 65
50 50
60 40
70 30
7
3
10000 10000 10000
9999 9999 9999
9999 9999 9999
9999 9999 9999
9999 9999 9999
9999 9999 9999
9999 9999 9999
7
3
1 2 3
4 5 6
7 8 9
10 11 12
13 14 15
16 17 18
19 20 21